%% Parameter Data for Tunable Biquad Demo

% Copyright 2009-2012 The MathWorks, Inc.

audiosamplingrate = 44100;

%% Initialize Filter Coefficients
CoeffsMatrix1 = [  
   1.117636368600756
  -1.689220014082205
   0.580065081332573
  -1.689220014082205
   0.697701449933328];

CoeffsMatrix2 = [
   1.068281936918271
  -1.635697985520906
   0.600684256300766
  -1.635697985520906
   0.668966193219037];

CoeffsMatrix3 = [
   0.894745400287902
  -1.451166218573661
   0.624265163102045
  -1.451166218573661
   0.519010563389947];

 